011596000035091
011596000041404
011596000038400
011596000059067
011596000064034
011596000059034
111596000062293
011596000055941
011596000064158
011596000058846
011596000059984
011596000069892
011596000062236
011596000064380
011596000065809
011596000062590
011596000064059
011596000064133
011596000058465
011596000058408
011596000058291
011596000060073
011596000062103
011596000058259
011596000067409
011596000062616
999999999999999
011596000075550
011596000064125
011596000057897
011596000106975
011596000106934
011596000105993
011596000105134
011596000089155
011596000089866
011596000108302
011596000108500
011596000106504
011596000089627
011596000108542
011596000102826
011596000102453
011596000089114
011596000102867
011596000101588
011596000105118
011596000107049
011596000102438
011596000102446
011596000102891
011596000103568
011596000101612
011596000102016
011596000106470
011596000089833
011596000102784
011596000105597
011596000102776
011596000101935
011596000105027
011596000106777
011596000106462
011596000106751
011596000103592
011596000069967
011596000110191
011596000106926
011596000038392
011596000063820
011596000067482
011596000102420
011596000069058
011596000074793
011596000106199
011596000109441
011596000108351
011596000109425
011596000108534
011596000109458
011596000102818
011596000108328
011596000058655
011596000058747
011596000064737
011596000064760
011596000060057
011596000061485
011596000065783
011596000067375
011596000055412
011596000065155
011596000065072
011596000065205
011596000065122
011596000064067
011596000064661
011596000036438
011596000039549
011596000035018
011596000035000
011596000060032
011596000040372
011596000058796
011596000072409
011596000035034
011596000040331
011596000074256
011596000096051
011596000035026
011596000029797
011596000036479
011596000074157
011596000074207
011596000031454
011596000030233
011596000065080
011596000062525
011596000034821
011596000029789
011596000031538
011596000038954
011596000049316
011596000059414
011596000048839
011596000061626
011596000056865
011596000056790
011596000049548
011596000030977
011596000071369
011596000068449
011596000027122
011596000043798
011596000061261
011596000056667
011596000060594
011596000061519
011596000061410
011596000061444
011596000044333
011596000059851
011596000050751
011596000036123
011596000073761
011596000036172
011596000026520
011596000068456
011596000067706
011596000076129
011596000026884
011596000076566
011596000049225
011596000072425
011596000059703
011596000043681
011596000074108
011596000036347
011596000068548
011596000031728
011596000066443
011596000068415
011596000067201
011596000044515
011596000036263
011596000044002
011596000049159
011596000038293
011596000044556
011596000036958
011596000038285
011596000026470
011596000041297
011596000041263
011596000041289
011596000049423
011596000043830
011596000021372
011596000021604
011596000073043
011596000059653
011596000044176
011596000032072
011596000038327
011596000066716
011596000072912
011596000066161
011596000049290
011596000067656
011596000043723
011596000036289
011596000073803
011596000043731
011596000073233
011596000073845
011596000043343
011596000074173
011596000043517
011596000066153
011596000060347
011596000021562
011596000036354
011596000060107
011596000074306
011596000068381
011596000049092
011596000031819
011596000036404
011596000066690
011596000066708
011596000060370
011596000070528
011596000107270
011596000062863
011596000107866
011596000099535
011596000088504
011596000101224
011596000060636
011596000070924
011596000087795
011596000045132
011596000044911
011596000098305
011596000070627
011596000044903
011596000044812
011596000045025
011596000070569
011596000070551
011596000042956
011596000107502
011596000044929
011596000044887
011596000045082
011596000098107
011596000101513
011596000102347
011596000088751
011596000046056
011596000106900
011596000107122
011596000063739
011596000107114
011596000065197
011596000070791
011596000100853
011596000070494
011596000046072
011596000044937
011596000070783
011596000044960
011596000088520
011596000087787
011596000042840
011596000108971
011596000042832
011596000040166
011596000046049
011596000040158
011596000041990
011596000040125
011596000057467
011596000056105
011596000056485
011596000091599
011596000057418
011596000094239
011596000094023
011596000093868
011596000056071
011596000100929
011596000094528
011596000094429
011596000107817
011596000087845
011596000096333
011596000095137
011596000107908
011596000020945
011596000105563
011596000104905
011596000085377
011596000034631
011596000034391
011596000105985
011596000098131
011596000040240
011596000101166
011596000102222
011596000100135
011596000100531
011596000060602
011596000087662
011596000104962
011596000102586
011596000043038
011596000107460
011596000107338
011596000091417
011596000102552
011596000044127
011596000067359
011596000060578
011596000039713
011596000039663
011596000046494
011596000039887
011596000046429
011596000059927
011596000046478
011596000060479
011596000040034
011596000100101
011596000065742
011596000102669
011596000038129
011596000107288
011596000101877
011596000105886
011596000032643
011596000105894
011596000104681
011596000032692
011596000032171
011596000046254
011596000107429
011596000106579
011596000068779
011596000034458
011596000032817
011596000104665
011596000033328
011596000105928
011596000034169
011596000102057
011596000034649
011596000024905
011596000033757
011596000100663
011596000034052
011596000046155
011596000107445
011596000043020
011596000033468
011596000032866
011596000107486
011596000098289
011596000032452
011596000034359
011596000032809
011596000105688
011596000107791
011596000033245
011596000107171
011596000033294
011596000033690
011596000032197
011596000034078
011596000033435
011596000033849
011596000034987
011596000033658
011596000034094
011596000024913
011596000033641
011596000033948
011596000033906
011596000033013
011596000032601
011596000032999
011596000033286
011596000032767
011596000024988
011596000032890
011596000034714
011596000034755
011596000033609
011596000033807
011596000104970
011596000032650
011596000031686
011596000037485
011596000093165
011596000024996
011596000033575
011596000033583
011596000102065
011596000093132
011596000064083
011596000033997
011596000033633
011596000032965
011596000033682
011596000064091
011596000032205
011596000033344
011596000100655
011596000100390
011596000043160
011596000033971
011596000033484
011596000101182
011596000033039
011596000034219
011596000034045
011596000107569
011596000033922
011596000107353
011596000034441
011596000101000
011596000089478
011596000033153
011596000024939
011596000034235
011596000107395
011596000034276
011596000033518
011596000094353
011596000034748
011596000033732
011596000032841
011596000024954
011596000046064
011596000046270
011596000046437
011596000046353
011596000044853
011596000040133
011596000046023
011596000046015
011596000046130
011596000046288
011596000087803
011596000046221
011596000100028
011596000046239
011596000046320
011596000046361
011596000046510
011596000039721
011596000105621
011596000046395
011596000044275
011596000093017
011596000100614
011596000046007
011596000040109
011596000044762
011596000044796
011596000046452
011596000102073
011596000044754
011596000033260
011596000034029
011596000106371
011596000107841
011596000094007
011596000088512
011596000043137
011596000034300
011596000102651
011596000093124
011596000046171
011596000031678
011596000033989
011596000043152
011596000043095
011596000089270
011596000032908
011596000039929
011596000033534
011596000034128
011596000091961
011596000101703
011596000033161
011596000033815
011596000044770
011596000107197
011596000031660
011596000034243
011596000034102
011596000033401
011596000033419
011596000107593
011596000104996
011596000033088
011596000102677
011596000093983
011596000033872
011596000092811
011596000105670
011596000031082
011596000108229
011596000058069
011596000034482
011596000105241
011596000100150
011596000091839
011596000024921
011596000033385
011596000035232
011596000106397
011596000042980
011596000034623
011596000043087
011596000040067
011596000100986
011596000034904
011596000107775
011596000034110
011596000100010
011596000034508
011596000057210
011596000101851
011596000093553
011596000104715
011596000033393
011596000034961
011596000033096
011596000102362
011596000063168
011596000098347
011596000046999
011596000057830
011596000039903
011596000039705
011596000039952
011596000046486
011596000039911
011596000040059
011596000041081
011596000035257
011596000109235
011596000083281
011596000078133
011596000022420
011596000020283
011596000023931
011596000047823
011596000047831
011596000099014
011596000099717
011596000020705
011596000036099
011596000020697
011596000109771
011596000042428
011596000083471
011596000076657
011596000078174
011596000083851
011596000041735
011596000086235
011596000029169
011596000023774
011596000025423
011596000025431
011596000090013
011596000029110
011596000028740
011596000029136
011596000029300
011596000042246
011596000040695
011596000023642
011596000042477
011596000023543
011596000086284
011596000036669
011596000029706
011596000078158
011596000036685
011596000028161
011596000035158
011596000081590
011596000040190
011596000025472
011596000040638
011596000040430
011596000084651
011596000031397
011596000098990
011596000020556
011596000086086
011596000035349
011596000029326
011596000085831
011596000041065
011596000035398
011596000022685
011596000035513
011596000023824
011596000108468
011596000021992
011596000098941
011596000110142
011596000085856
011596000108898
011596000076772
011596000109961
011596000085963
011596000029201
011596000079099
011596000086896
011596000086599
011596000028385
011596000110647
011596000099733
011596000028252
011596000082556
011596000108609
011596000022008
011596000020317
011596000110282
011596000022594
011596000098735
011596000108666
011596000079255
011596000024707
011596000024731
011596000079172
011596000110266
011596000078315
011596000110415
011596000042139
011596000076616
011596000024392
011596000031694
011596000040869
011596000024525
011596000040968
011596000076681
011596000078364
011596000029052
011596000028617
011596000025712
011596000036727
011596000109839
011596000084156
011596000040844
011596000086581
011596000029342
011596000027833
011596000041032
011596000108724
011596000091771
011596000024681
011596000081707
011596000042345
011596000110613
011596000040927
011596000079164
011596000110159
011596000099675
011596000042436
011596000022370
011596000020606
011596000028781
011596000045363
011596000035851
011596000087399
011596000085567
011596000023808
011596000109508
011596000097463
011596000024616
011596000042725
011596000040463
011596000027718
011596000023873
011596000079149
011596000098388
011596000036453
011596000039598
011596000074165
011596000078166
011596000081442
011596000097869
011596000089551
011596000090591
011596000026751
011596000079263
011596000022867
011596000076624
011596000020341
011596000081566
011596000064430
011596000088900
011596000062699
011596000064943
011596000062947
011596000063374
011596000062715
011596000094957
011596000063077
011596000063481
011596000063135
011596000062657
011596000062954
011596000064604
011596000063408
011596000097778
011596000091201
011596000065379
011596000095160
011596000085179
011596000085153
011596000085112
011596000095715
011596000063010
011596000062921
011596000090104
011596000097810
011596000094726
011596000089734
011596000095400
011596000089445
011596000035273
011596000085211
011596000090245
011596000083885
011596000089957
011596000064620
011596000062889
011596000084701
011596000089759
011596000090146
011596000093231
011596000095459
011596000090492
011596000094874
011596000090914
011596000090583
011596000095673
011596000090120
011596000065312
011596000091060
011596000064455
011596000094866
011596000062624
011596000058671
011596000063424
011596000065445
011596000063465
011596000063473
011596000063457
011596000089015
011596000065304
011596000063291
011596000065270
011596000084727
011596000065296
011596000064646
011596000064596
011596000065346
011596000062681
011596000084560
011596000063226
011596000063259
011596000064588
011596000097711
011596000095723
011596000097828
011596000090633
011596000063127
011596000064497
011596000089262
011596000065676
011596000090740
011596000065635
011596000097604
011596000062723
011596000062913
011596000064927
011596000090971
011596000090542
011596000090617
011596000097844
011596000065643
011596000083133
011596000064612
011596000095244
011596000090898
011596000065262
011596000064471
011596000063895
011596000079354
011596000090443
011596000063044
011596000095558
011596000062749
011596000065288
011596000065254
011596000089247
011596000065619
011596000089940
011596000065494
011596000065429
011596000065510
011596000085401
011596000097646
011596000097729
011596000089494
011596000084941
011596000090344
011596000063143
011596000084719
011596000046312
011596000097570
011596000060453
011596000084495
011596000049027
011596000043350
011596000099972
011596000063051
011596000084487
011596000072383
011596000059109
011596000062095
011596000058325
011596000063648
011596000058374
011596000068084
011596000072342
011596000106165
011596000031231
011596000103907
011596000066815
011596000066526
011596000072367
011596000066542
011596000033021
011596000068340
011596000067540
011596000031413
011596000076442
011596000067235
011596000060545
011596000102479
011596000035042
011596000036982
011596000031405
011596000030431
011596000044226
011596000106983
011596000066591
011596000062343
011596000030605
011596000105951
011596000086458
011596000093215
011596000091938
011596000089239
011596000046718
011596000088702
011596000085278
011596000085047
011596000082150
011596000086045
011596000087266
011596000039879
011596000090252
011596000098354
011596000096200
011596000088298
011596000051692
011596000050835
011596000107882
011596000048094
011596000048110
011596000047484
011596000096226
011596000048276
011596000047435
011596000051809
011596000051767
011596000096150
011596000080865
011596000047658
011596000096267
011596000047336
011596000053060
011596000031306
011596000048029
011596000051486
011596000047278
011596000051718
011596000095012
011596000083596
011596000050694
011596000053854
011596000053300
011596000053151
011596000054076
011596000053938
011596000053508
011596000053631
011596000080741
011596000098297
011596000053706
011596000107643
011596000053847
011596000053755
011596000083463
011596000053268
011596000053458
011596000053235
011596000031918
011596000056741
011596000073852
011596000031736
011596000073746
011596000051031
011596000021190
011596000088231
011596000050405
011596000095194
011596000073688
011596000027841
011596000086441
011596000087571
011596000053011
011596000053334
011596000052930
011596000052781
011596000050710
011596000088785
011596000088272
011596000088140
011596000047690
011596000083570
011596000050215
011596000107684
011596000095350
011596000052518
011596000095467
011596000091920
011596000092159
011596000095632
011596000050892
011596000089163
011596000053417
011596000050264
011596000080063
011596000083711
011596000053201
011596000053052
011596000047963
011596000053185
011596000053193
011596000053425
011596000083653
011596000047328
011596000083695
011596000080931
011596000053896
011596000048177
011596000053870
011596000052567
011596000052922
011596000110043
011596000020333
011596000081533
011596000051064
011596000038780
011596000104954
011596000067128
011596000075055
011596000067615
011596000090906
011596000062772
011596000077283
011596000066039
011596000077234
011596000103188
011596000071575
011596000091110
011596000092878
011596000072235
011596000089288
011596000104368
011596000104632
011596000104855
011596000103295
011596000076947
011596000076889
011596000077036
011596000077200
011596000076996
011596000065924
011596000070122
011596000077002
011596000077341
011596000065957
011596000077085
011596000070833
011596000075717
011596000067987
011596000104079
011596000067912
011596000076988
011596000104269
011596000103469
011596000103451
011596000092928
011596000064992
011596000068829
011596000089338
011596000102206
011596000102966
011596000068811
011596000103691
011596000105092
011596000054118
011596000029680
011596000045595
011596000028658
011596000029698
011596000029474
011596000045322
011596000023337
011596000023253
011596000054100
011596000051346
011596000043244
011596000051262
011596000045314
011596000039184
011596000028591
011596000046593
011596000037238
011596000030712
011596000030126
011596000025894
011596000028989
011596000103709
011596000103352
011596000099766
011596000085229
011596000075014
011596000077218
011596000026652
011596000028880
011596000025928
011596000030399
011596000045645
011596000023162
011596000025910
011596000023352
011596000028856
011596000054977
011596000042253
011596000032064
011596000021125
011596000032411
011596000092142
011596000031264
011596000104913
011596000030654
011596000108096
011596000102149
011596000041131
011596000039531
011596000055420
011596000064703
011596000036495
011596000064844
011596000041313
011596000101729
011596000067177
011596000029003
011596000085955
011596000025985
011596000036909
011596000025415
011596000035869
011596000110910
011596000030449
011596000036446
011596000055529
011596000060511
011596000066385
011596000085864
011596000029763
011596000027288
011596000105290
011596000056832
011596000065148
011596000067599
011596000036412
011596000024798
011596000022651
011596000020531
011596000065460
011596000048086
011596000066278
011596000040141
011596000046742
011596000078646
011596000075436
011596000079834
011596000079933
011596000100044
011596000027403
011596000038145
011596000084024
011596000085245
011596000095111
011596000100093
011596000037725
011596000093413
011596000056337
011596000026371
011596000105704
011596000096606
011596000037147
011596000037568
011596000055800
011596000093785
011596000094379
011596000026215
011596000058226
011596000025324
011596000100887
011596000094924
011596000100564
011596000045066
011596000090823
011596000024087
011596000100382
011596000093298
011596000111157
011596000106694
011596000075386
011596000079693
011596000111199
011596000106066
011596000079792
011596000105514
011596000106306
011596000111025
011596000112007
011596000072441
011596000078067
011596000077986
011596000099402
011596000111827
011596000091292
011596000106231
011596000070312
011596000071898
011596000110787
011596000108146
011596000085468
011596000075642
011596000105761
011596000070171
011596000082945
011596000075527
011596000111116
011596000106652
011596000079362
011596000070189
011596000083562
011596000057814
011596000056196
011596000056402
011596000057111
011596000084479
011596000057731
011596000093405
011596000025340
011596000026413
011596000094338
011596000092654
011596000091995
011596000099477
011596000094098
011596000079446
011596000105811
011596000106041
011596000092472
011596000083422
011596000111884
011596000079917
011596000088884
011596000110696
011596000079461
011596000085450
011596000079495
011596000091367
011596000091318
011596000070320
011596000091524
011596000077598
011596000071187
011596000079610
011596000092522
011596000085427
011596000083414
011596000083380
011596000068985
011596000070288
011596000091532
011596000071179
011596000079545
011596000089080
011596000085740
011596000083760
011596000077770
011596000079479
011596000086201
011596000020457
011596000076780
011596000109847
011596000110126
011596000109714
011596000042501
011596000084131
011596000028310
011596000066260
011596000078489
011596000090708
011596000040281
011596000104475
011596000046650
011596000030290
011596000061758
011596000061352
011596000044465
011596000051403
011596000109250
011596000104145
011596000028831
011596000022529
011596000022826
011596000098982
011596000024657
011596000086243
011596000086334
011596000103014
011596000022412
011596000084164
011596000083356
011596000023964
011596000097588
011596000064299
011596000065593
011596000109144
011596000079206
011596000040588
011596000076640
011596000089668
011596000110225
011596000029722
011596000024632
011596000108815
011596000062764
011596000062814
011596000063523
011596000109185
011596000020127
011596000034599
011596000081558
011596000109888
011596000110241
011596000080303
011596000075816
011596000086557
011596000035323
011596000020648
011596000040273
011596000040208
011596000091946
011596000028328
011596000040901
011596000099816
011596000089049
011596000063382
011596000063507
011596000085187
011596000085138
011596000077788
011596000110985
011596000070163
011596000077655
011596000091342
011596000079404
011596000097984
011596000111967
011596000058606
011596000021463
011596000076111
011596000073100
011596000037014
011596000059281
011596000024194
011596000036974
011596000031785
011596000088892
011596000089767
011596000065015
011596000023634
011596000110167
011596000024467
011596000081624
011596000028435
011596000040299
011596000039861
011596000068423
011596000054969
011596000079297
011596000085161
011596000023816
011596000022313
011596000110076
011596000094742
011596000095418
011596000097448
011596000075782
011596000042790
011596000086615
011596000091243
011596000096168
011596000047617
011596000039697
011596000033567
011596000032916
011596000074454
011596000066575
011596000026769
011596000040471
011596000063416
011596000065437
011596000063234
011596000084081
011596000108781
011596000028609
011596000066146
011596000032635
011596000041537
011596000022040
011596000047153
011596000028146
011596000023576
011596000020135
011596000040984
011596000065411
011596000086888
011596000029524
011596000090047
011596000025720
011596000029151
011596000041933
011596000064984
011596000040513
011596000024376
011596000108948
011596000109540
011596000024756
011596000022172
011596000024814
011596000076665
011596000108955
011596000086672
011596000110092
011596000084545
011596000109300
011596000020499
011596000082622
011596000024640
011596000028260
011596000043715
011596000077119
011596000038251
011596000030092
011596000039374
011596000045462
011596000026033
011596000022966
011596000030068
011596000086466
011596000051452
011596000039481
011596000050678
011596000052500
011596000076632
011596000026819
011596000021976
011596000070411
011596000103964
011596000052468
011596000080873
011596000072029
011596000020192
011596000031298
011596000067813
011596000086482
011596000032247
011596000066203
011596000070460
011596000049233
011596000067805
011596000073142
011596000043335
011596000076855
011596000040687
011596000110399
011596000108732
011596000064539
011596000104012
011596000040398
011596000034839
011596000066559
011596000110217
011596000066393
011596000029748
011596000074025
011596000026025
011596000030332
011596000028534
011596000061865
011596000091896
011596000079214
011596000081384
011596000110621
011596000038996
011596000086110
011596000050421
011596000053771
011596000052997
011596000027346
011596000089130
011596000102875
011596000108583
011596000109292
011596000099824
011596000107957
011596000107858
011596000102537
011596000088488
011596000108526
011596000058085
011596000055818
011596000056204
011596000055222
011596000057970
011596000057301
011596000057343
011596000057483
011596000030852
011596000108070
011596000027486
011596000037501
011596000056519
011596000036008
011596000096499
011596000106835
011596000057038
011596000094544
011596000027056
011596000037683
011596000092662
011596000026983
011596000026348
011596000024152
011596000057806
011596000091979
011596000107726
011596000096788
011596000027114
011596000057095
011596000094916
011596000026363
011596000094262
011596000096846
011596000100903
011596000037733
011596000037626
011596000037204
011596000057525
011596000055628
011596000055669
011596000075857
011596000092290
011596000093926
011596000094635
011596000036925
011596000090369
011596000061998
011596000102628
011596000100648
011596000092779
011596000093793
011596000026926
011596000083372
011596000093876
011596000037196
011596000090856
011596000055750
011596000035984
011596000108427
011596000109003
011596000052633
011596000025860
011596000054134
011596000030183
011596000023238
011596000035844
011596000083059
011596000079156
011596000041974
011596000020440
011596000068019
011596000030662
011596000065130
011596000105050
011596000029938
011596000035224
011596000098057
011596000092803
011596000032023
011596000087852
011596000070486
011596000044788
011596000032379
011596000032932
011596000101190
011596000068589
011596000044374
011596000056774
011596000067045
011596000043855
011596000021208
011596000060263
011596000074074
011596000027676
011596000032544
011596000099642
011596000026785
011596000108393
011596000109102
011596000086094
011596000081459
011596000025746
011596000085914
011596000082358
011596000081681
011596000025704
011596000028351
011596000028062
011596000025571
011596000063176
011596000063309
011596000095178
011596000090955
011596000090195
011596000087688
011596000104897
011596000102941
011596000104004
011596000053433
011596000053839
011596000083265
011596000083703
011596000045652
011596000044028
011596000090161
011596000077358
011596000047062
011596000030076
011596000048334
011596000043699
011596000023196
011596000029243
011596000108740
011596000083141
011596000026355
011596000088553
011596000098271
011596000025258
011596000020044
011596000035547
011596000024004
011596000024822
011596000042592
011596000022834
011596000029540
011596000027148
011596000028567
011596000081335
011596000047260
011596000050439
011596000045496
011596000029771
011596000030498
011596000034896
011596000058754
011596000065106
011596000042303
011596000044184
011596000039226
011596000044739
011596000029656
011596000051205
011596000075824
011596000087142
011596000093249
011596000038970
011596000051817
011596000081392
011596000045355
011596000073498
011596000050603
011596000045249
011596000098016
011596000053946
011596000026660
011596000103725
011596000045744
011596000037113
011596000029318
011596000095053
011596000039556
011596000077259
011596000039853
011596000027254
011596000027189
011596000064810
011596000064877
011596000041115
011596000067607
011596000040414
011596000040307
011596000044119
011596000087811
011596000070825
011596000065239
011596000110381
011596000078380
011596000042311
011596000109151
011596000024244
011596000036750
011596000023766
011596000086185
011596000083844
011596000041008
011596000083349
011596000108831
011596000105498
011596000040828
011596000086649
011596000020507
011596000041719
011596000022693
011596000065627
011596000084529
011596000074231
011596000059489
011596000105225
011596000038079
011596000028922
011596000039051
011596000054324
011596000037329
011596000051015
011596000030555
011596000051619
011596000092209
011596000083620
011596000095863
011596000092191
011596000047997
011596000050728
011596000095608
011596000052872
011596000109243
011596000054381
011596000023279
011596000051247
011596000051197
011596000103394
011596000064794
011596000038152
011596000103212
011596000048326
011596000050819
011596000020549
011596000076715
011596000024715
011596000091748
011596000042006
011596000035331
011596000109953
011596000083067
011596000067755
011596000085997
011596000053649
011596000081814
011596000041073
011596000026744
011596000087613
011596000082853
011596000022123
011596000086078
011596000097703
011596000087886
011596000095269
011596000107999
011596000107635
011596000053664
011596000048201
011596000072375
011596000068910
911596000102263
011596000071138
011596000108369
011596000058879
011596000044606
011596000066880
011596000070437
011596000060933
011596000066963
011596000059679
011596000076574
011596000044218
011596000060339
011596000066302
011596000073035
011596000066823
011596000055966
011596000043970
011596000073902
011596000075741
011596000059786
011596000071377
011596000024483
011596000076467
011596000068522
011596000060925
011596000021596
011596000044689
011596000021653
011596000066666
011596000026835
011596000066807
011596000021299
011596000066831
011596000026611
011596000034375
011596000034789
011596000102024
011596000032684
011596000100820
011596000045041
011596000070577
011596000045108
011596000044986
011596000076533
011596000040257
011596000106538
011596000100051
011596000033146
011596000044721
011596000031124
011596000033369
011596000042931
011596000087829
011596000098099
011596000070601
011596000108088
011596000032734
011596000101497
011596000034284
011596000048904
011596000068043
011596000105407
011596000045058
011596000046445
011596000040224
011596000105902
011596000088314
011596000090831
011596000063564
011596000100978
011596000040083
011596000099287
011596000033617
011596000107346
011596000070759
011596000040018
011596000068076
011596000107585
011596000102354
011596000044804
011596000033179
011596000107312
011596000046148
011596000103600
011596000045033
011596000043384
011596000070585
011596000034763
011596000102248
011596000033542
011596000090807
011596000071351
011596000057228
011596000090815
011596000100572
011596000100200
011596000101844
011596000039671
011596000070502
011596000024897
011596000046502
011596000031355
011596000042857
011596000039945
011596000033500
011596000034342
011596000073308
011596000046197
011596000040091
011596000033559
011596000034664
011596000039002
011596000073126
011596000068290
011596000049001
011596000066856
011596000070239
011596000073340
011596000050124
011596000066914
011596000071260
011596000060503
011596000026918
011596000043921
011596000038897
011596000030910
011596000073092
011596000075766
011596000021406
011596000059794
011596000041255
011596000073134
011596000043848
011596000038111
011596000067763
011596000074181
011596000059299
011596000027213
011596000043939
011596000073217
011596000073118
011596000073175
011596000021364
011596000044325
011596000056543
011596000060313
011596000035794
011596000063499
011596000062822
011596000062871
011596000063333
011596000062632
011596000063150
011596000064919
011596000088926
011596000064448
011596000020598
011596000044705
011596000046833
011596000037386
011596000046247
011596000039093
011596000071963
011596000103261
011596000103626
011596000091912
011596000020580
011596000077432
011596000067870
011596000104376
011596000022883
011596000082630
011596000110084
011596000103998
011596000108914
011596000077101
011596000089320
011596000104228
011596000091094
011596000089312
011596000066021
011596000091383
011596000077721
011596000053292
011596000053003
011596000050967
011596000053979
011596000071625
011596000046635
011596000026678
011596000045900
011596000026256
011596000039150
011596000047120
011596000035786
011596000109789
011596000104053
011596000072169
011596000072003
011596000071690
011596000076913
011596000088181
011596000068787
011596000071500
011596000084768
011596000090096
011596000052609
011596000025274
011596000029219
011596000099659
011596000038095
011596000080790
011596000082614
011596000086870
011596000087506
011596000085823
011596000088645
011596000073415
011596000029516
011596000040505
011596000076319
011596000104160
011596000082788
011596000088066
011596000086029
011596000078422
011596000054183
011596000060099
011596000063242
011596000053284
011596000025050
011596000089056
011596000046981
011596000029532
011596000067573
011596000059133
011596000046874
011596000066054
011596000037097
011596000079032
011596000073423
011596000040422
011596000031587
011596000066492
011596000077143
011596000022321
011596000042675
011596000060016
011596000085054
011596000082085
011596000089213
011596000082820
011596000095533
011596000025845
011596000022990
011596000051155
011596000024293
011596000105738
011596000075097
011596000110811
011596000041156
011596000111975
011596000029888
011596000035448
011596000076699
011596000051536
011596000083448
011596000053623
011596000053250
011596000077713
011596000079370
011596000087415
011596000088165
011596000095962
011596000095830
011596000052799
011596000046627
011596000039135
011596000079891
011596000110100
011596000101919
011596000022537
011596000107718
011596000083174
011596000084420
011596000068977
011596000105787
011596000078075
011596000023980
011596000050769
011596000079941
011596000111165
011596000078471
011596000085534
011596000051734
011596000054027
011596000061386
011596000110944
011596000047294
011596000029094
011596000109136
011596000035901
011596000025738
011596000078182
011596000041768
011596000041776
011596000080311
011596000098230
011596000050330
011596000039069
011596000045769
011596000047104
011596000023006
011596000054142
011596000089999
011596000086540
011596000108997
011596000042162
011596000042519
011596000025555
011596000108435
011596000081343
011596000024426
011596000054043
011596000052815
011596000047401
011596000071997
011596000104137
011596000103303
011596000030050
011596000054035
011596000095509
011596000050744
011596000050876
011596000053672
011596000110365
011596000086136
011596000080915
011596000029268
011596000095913
011596000110795
011596000107783
011596000052559
011596000053748
011596000080030
011596000048060
011596000047450
011596000053276
011596000052583
011596000080774
011596000080899
011596000030803
011596000030027
011596000030761
011596000025977
011596000025969
011596000081350
011596000050538
011596000106215
011596000109573
011596000079735
011596000022669
011596000084271
011596000076194
011596000104178
011596000045256
011596000029276
011596000023428
011596000043251
011596000025829
011596000026736
011596000024277
011596000039283
011596000075725
011596000028971
011596000108120
011596000037055
011596000078950
011596000088074
011596000075295
011596000064026
011596000022586
011596000088256
011596000102487
011596000108294
011596000034847
011596000020218
011596000022073
011596000035430
011596000023493
011596000084214
011596000035604
011596000020200
011596000020424
011596000078372
011596000076798
011596000025035
011596000081434
011596000094981
011596000022503
011596000027734
011596000023998
011596000041586
011596000078943
011596000035810
011596000020002
011596000041024
011596000079289
011596000097406
011596000020176
011596000099709
011596000110183
011596000022024
011596000029441
011596000025407
011596000020234
011596000035364
011596000028187
011596000023485
011596000109607
011596000109581
011596000078398
011596000025563
011596000042337
011596000020713
011596000068480
011596000025464
011596000022776
011596000022727
011596000083091
011596000035489
011596000079123
011596000042287
011596000042493
011596000022248
011596000084958
011596000080105
011596000028377
011596000022271
011596000029920
011596000063093
011596000039416
011596000037535
011596000072193
011596000095566
011596000089189
011596000087712
011596000032569
011596000082077
011596000030316
011596000096317
011596000083083
011596000030001
011596000041651
011596000028773
011596000023790
011596000110522
011596000022750
011596000083810
011596000110068
011596000081491
011596000082598
011596000020168
011596000101307
011596000081632
011596000028302
011596000025779
011596000041818
011596000110050
011596000023923
011596000108906
011596000028047
011596000085971
011596000024665
011596000081301
011596000108807
011596000110118
011596000062012
011596000064554
011596000087548
011596000103063
011596000103246
011596000045488
011596000072086
011596000072185
011596000104046
011596000023345
011596000085476
011596000072136
011596000072144
011596000093504
011596000109862
011596000026116
011596000029250
011596000081970
011596000088439
011596000097745
011596000086060
011596000091011
011596000097620
011596000050496
011596000053474
011596000083364
011596000054001
011596000052773
011596000053482
011596000050637
011596000080907
011596000099758
011596000048292
011596000051072
011596000047948
011596000095871
011596000092076
011596000083232
011596000052765
011596000037253
011596000078612
011596000110894
011596000075667
011596000089908
011596000076608
011596000045579
011596000095426
011596000053326
011596000041271
011596000089916
011596000044135
011596000061154
011596000065361
011596000025597
011596000090286
011596000096028
011596000040786
011596000040802
011596000022354
011596000082648
011596000042048
011596000040612
011596000042543
011596000086128
011596000023675
011596000041040
011596000042535
011596000089650
011596000020523
011596000083968
011596000066013
011596000104541
011596000103634
011596000104590
011596000077747
011596000103154
011596000087373
011596000071286
011596000010649,
011596000010888
011596000097521
011596000020481
011596000084776
011596000040976
011596000083786
011596000085849
011596000023899
011596000029391
011596000025787
011596000048615
011596000025951
011596000030118
011596000071047
011596000089411
011596000091664
011596000091516
011596000106264
011596000105779
011596000082952
011596000075584
011596000078026
011596000077523
011596000077515
011596000070304
011596000106868
011596000033187
011596000044366
011596000076541
011596000085302
011596000034151
011596000034706
011596000051171
011596000087365
011596000103642
011596000102164
011596000104756
011596000083026
011596000094056
011596000104186
011596000104061
011596000110704
011596000061055
011596000063325
011596000100408
011596000083323
011596000044234
011596000107494
011596000068613
011596000015721
011596000105977
011596000031504
011596000059307
011596000021067
011596000067672
011596000034672
011596000027957
011596000021638
011596000070247
011596000105233
011596000017412
011596000018832
011596000059125
011596000069611
011596000012546
011596000011878
011596000016448
011596000017032
011596000017560
011596009972013
011596009972237
011596009971965
011596000074017
011596000059471
011596000060685
011596000036602
011596000065114
011596000061923
011596000083919
011596000090294
011596000030639
011596000048300
011596000040877
011596000110761
011596000049597
011596000091284
011596000050223
011596000040836
011596000042527
011596000026330
011596000083729
011596000097661
011596000062905
011596000081780
011596000051742
011596000011613
011596000056808
011596000088447
011596000012025
011596000015200
011596000013692
011596000015226
011596000017602
011596000073555
011596000019749
011596000079339
011596000010607
011596000012520
011596000013734
011596000014096
011596000012694
011596000015564
011596000023097
011596000082911
011596000107965
011596000051585
011596000108823
011596000022362
011596009973706
011596000038913
011596000091482
011596000089932
011596000042667
011596000045553
011596000062988
011596000103717
011596000040554
011596000049118
011596000043657
011596000031744
011596000075576
011596000089726
011596000077853
011596000088850
011596000033138
011596000106009
011596000107692
011596000062806
011596000019723
011596000043475
011596000059349
011596000079685
011596000037394
011596000067953
011596000075691
011596000018675
011596000080543
011596000087514
011596000096119
011596000053391
011596000103766
011596000075477
011596000106074
011596000077572
011596000082226
011596000075196
011596000068969
011596000059240
011596000028997
011596000085989
011596000076285
011596000076673
011596000088215
011596000079412
011596000017909
011596000012132
011596000015101
011596000017701
011596009972716
011596009973144
011596009973243
011596000013361
011596000017388
011596000096556
011596009971908
011596000078281
011596000108849
011596000064695
011596009974936
011596000097976
011596000091813
011596000091805
011596000088983
011596000087191
011596000040596
011596009975305
011596009974274
011596009978226
011596000011795
011596000085070
011596000012140
011596000014393
011596000045207
011596000013429
011596000031868
011596000075964
011596000100994
011596000033112
011596000016307
011596000087175
011596009974506
011596009974993
011596009975354
011596009976733
011596009978457
011596009981162
011596000078927
011596000093223
011596000029458
011596000021331
011596009982293
011596009971312
011596009971338
011596009971460
011596009972112
011596009972161
011596009973003
011596009970421
011596000083588
011596000095319
011596000071070
011596000080360
011596000052492
011596000012389
011596000014591
011596000016083
011596000019129
011596000011480
011596000060842
011596000044341
011596000017776
011596000017834
011596000018055
011596000018360
011596000010581
011596000017982
011596000019046
011596009970330
011596000018006
011596000012561
011596000013403
011596000018030
011596000019103
011596000012108
011596000018386
011596000018741
011596000013932
011596000016562
011596009971023
011596009971031
011596009972443
011596009972658
011596009973573
011596009974035
011596000011621
011596000014914
011596000019285
